[gd_scene load_steps=5 format=2]

[ext_resource path="res://scenes/game/platforms/Platform1.tscn" type="PackedScene" id=1]

[sub_resource type="ProceduralSky" id=1]
sky_top_color = Color( 0.466667, 0.588235, 0.796078, 1 )
sky_horizon_color = Color( 0.639216, 0.737255, 0.976471, 1 )
ground_bottom_color = Color( 0.466667, 0.588235, 0.796078, 1 )
ground_horizon_color = Color( 0.639216, 0.737255, 0.976471, 1 )
ground_curve = 0.09

[sub_resource type="Environment" id=2]
background_mode = 2
background_sky = SubResource( 1 )
background_color = Color( 0.0784314, 0.129412, 0.239216, 1 )
ambient_light_color = Color( 1, 0.74902, 0.411765, 1 )
fog_color = Color( 0.180392, 0.768627, 0.713726, 1 )
auto_exposure_enabled = true
glow_enabled = true
glow_intensity = 8.0
glow_strength = 0.62
glow_bloom = 0.12
glow_blend_mode = 0

[sub_resource type="Animation" id=3]
resource_name = "loop"
length = 20.0
loop = true
step = 1.0
tracks/0/type = "value"
tracks/0/path = NodePath("CameraRot:rotation_degrees")
tracks/0/interp = 1
tracks/0/loop_wrap = true
tracks/0/imported = false
tracks/0/enabled = true
tracks/0/keys = {
"times": PoolRealArray( 0, 20 ),
"transitions": PoolRealArray( 1, 1 ),
"update": 0,
"values": [ Vector3( 0, 0, 0 ), Vector3( 0, 360, 0 ) ]
}

[node name="Main" type="Spatial"]

[node name="WorldEnvironment" type="WorldEnvironment" parent="."]
environment = SubResource( 2 )

[node name="P" parent="." instance=ExtResource( 1 )]

[node name="DirectionalLight" type="DirectionalLight" parent="."]
transform = Transform( 0.783238, -2.71763e-08, 0.621722, -0.621722, -3.42364e-08, 0.783238, 0, -1, -4.37114e-08, 0, 0, 0 )
light_color = Color( 0.952941, 0.647059, 0, 1 )
light_energy = 2.67
shadow_enabled = true

[node name="CameraRot" type="Spatial" parent="."]
transform = Transform( -0.951056, 0, 0.309017, 0, 1, 0, -0.309017, 0, -0.951056, 0, 0, 0 )

[node name="Camera" type="Camera" parent="CameraRot"]
transform = Transform( 1, 0, 0, 0, 0.906308, 0.422618, 0, -0.422618, 0.906308, 0, 7.5, 10 )
current = true
fov = 90.0
near = 1.0
far = 1000.0

[node name="AnimationPlayer" type="AnimationPlayer" parent="."]
autoplay = "loop"
anims/loop = SubResource( 3 )
